Location: 12.4038,9.67719,806.887
Rotation: 0,-1.16325,0
Location: -48.7837,9.67719,797.883
Rotation: 0,-1.16325,0
Location: -49.0521,9.67719,774.383
Rotation: 0,0.654374,0
Location: 6.89728,9.67719,779.314
Rotation: 0,0.654374,0
Location: 291.721,24.3588,797.415
Rotation: 0,60.3949,0
Location: 213.882,24.3588,869.298
Rotation: 0,-37.2287,0
Location: 576.595,100.559,991.895
Rotation: 0,78.2642,0
Location: 574.925,100.559,1034.03
Rotation: 0,78.2642,0
Location: -99.4112,26.8614,-290.305
Rotation: 0,41.3865,0
Location: -99.9259,23.2874,-44.4184
Rotation: 0,0.322388,0
Location: -373.636,64.7654,-123.001
Rotation: 0,32.7929,0
Location: 98.4782,-21.9417,7.00494
Rotation: 0,-45.3714,0
Location: 508.788,-6.20355,650.798
Rotation: 0,-1.76678,0
