Location: -448.664,-21.9461,-494.032
Rotation: 0,-50.4149,0
Location: -491.012,-20.5954,-471.612
Rotation: 0,46.378,0
Location: -540.235,-21.9578,-476.644
Rotation: 0,46.378,0
Location: -548.488,-21.9461,-536.453
Rotation: 0,-43.6221,0
Location: -488.468,-21.9443,-559.916
Rotation: 0,-46.378,0
Location: -124.826,9.58535,-458.447
Rotation: 0,-23.6253,0
Location: -243.717,9.68657,-370.285
Rotation: 0,66.3748,0
Location: 89.8861,-22.5686,-264.178
Rotation: 0,-23.5554,0
Location: 151.297,-21.959,-204.092
Rotation: 0,-23.5554,0
Location: 200.667,-22.3132,-246.016
Rotation: 0,23.5554,0
Location: 186.673,-22.1925,-323.333
Rotation: 0,-6.48724,0
Location: 119.49,-22.1377,-340.872
Rotation: 0,58.5458,0
Location: 88.5498,-22.4541,-289.286
Rotation: 0,-86.9714,0
Location: 246.949,-15.9743,-86.3349
Rotation: 0,-9.07901,0
Location: 256.57,11.7699,-25.9949
Rotation: 0,-9.07901,0
Location: 258.998,23.7178,93.866
Rotation: 0,9.67364,0
Location: 250.477,50.4492,211.939
Rotation: 0,12.4576,0
Location: 250.967,34.741,321.658
Rotation: 0,-9.07901,0
Location: 252.164,32.9925,449.386
Rotation: 0,14.4592,0
Location: 260.689,24.3588,534.777
Rotation: 0,14.2285,0
Location: 252.412,24.3588,611.942
Rotation: 0,-9.07901,0
Location: 221.969,24.3588,635.107
Rotation: 0,-9.07901,0
Location: 229.406,24.3588,681.647
Rotation: 0,-9.07901,0
Location: 268.581,24.3588,675.387
Rotation: 0,-80.921,0
Location: 294.929,24.3588,637.812
Rotation: 0,9.07905,0
Location: 252.496,24.3588,1036.21
Rotation: 0,8.81753,0
Location: 278.176,24.3588,1042.57
Rotation: 0,-8.8175,0
Location: 300.166,24.3588,1039.16
Rotation: 0,-81.1826,0
Location: 334.05,24.3588,1042.44
Rotation: 0,-81.1826,0
Location: 356.802,24.3588,1038.91
Rotation: 0,-81.1826,0
Location: 1.32846,9.47837,983.381
Rotation: 0,-7.25437,0
Location: -12.6218,9.47837,985.157
Rotation: 0,82.7457,0
Location: -31.3828,9.47837,985.568
Rotation: 0,82.7457,0
Location: -50.9481,9.47837,988.074
Rotation: 0,82.7457,0
Location: -67.3422,9.67719,580.461
Rotation: 0,50.5399,0
Location: -65.8717,9.67719,898.245
Rotation: 0,34.8335,0
Location: -90.6503,-56.1218,746.1
Rotation: 0,-2.91939,0
Location: -101.794,-56.712,745.532
Rotation: 0,87.0808,0
Location: -118.228,-57.5825,744.694
Rotation: 0,87.0808,0
Location: 432.894,24.3588,513.117
Rotation: 0,-84.5284,0
Location: 457.337,-6.27029,602.277
Rotation: 0,84.8506,0
Location: 458.074,-6.31481,564.756
Rotation: 0,-84.8506,0
